# Parametri ottimizzati per cma_es
PASS_BLOCK_THRESHOLD = 0.021080069721557314
PASS_W_BLOCK = 8.966054220503018
PENALTY_W_PROXIMITY = 226.63230881377098
PASS_MAX_LEN = 0.44897526342503546
CMA_SIGMA_INIT = 0.022415216513525044
CMA_POPSIZE = 25
CMA_TOLFUN = 0.00028226547316571903
